22 24
A 120 130
B 220 220
C 140 300
D 390 115
E 390 330
F 630 130
G 600 330
H 155 220
I 260 150
J 345 150
K 345 305
L 450 150
M 450 305
N 510 150
O 510 305
P 560 120
Q 120 220
R 240 120
S 345 260
T 530 260
U 585 60
V 680 305
7 6
0 1 2 3 4 5 6
50 50 50 50 50 50 50
16 17 18 19 20 21
0 7 4 3 2 0.1
0 8 10 8 2 0.0
1 7 4 6 2 0.0
1 8 8 8 2 0.0
2 7 5 5 2 0.0
2 10 12 10 2 0.0
3 9 4 6 2 0.1
3 11 6 6 2 0.0
4 10 2 4 2 0.1
4 12 4 6 2 0.0
5 15 4 8 2 0.0
6 14 8 4 2 0.0
6 21 10 6 2 0.0
7 16 2 4 2 0.0
8 17 2 6 2 0.0
9 8 4 4 2 0.0
9 18 6 6 2 0.0
10 18 2 3 2 0.0
11 13 4 6 2 0.0
12 14 4 4 2 0.0
13 15 3 6 2 0.0
13 19 5 4 2 0.0
14 19 2 4 2 0.0
15 20 2 6 2 0.0